18
7
12
16
17
19
24
25
29
38
50
74
79
82
85
85
61
51
38
25
21
7
245
243
247
243
237
249
247
249
254
2
9
10
17
19
19
29
33
26
21
25
28
26
25
16
16
9
5
253
247
9
5
5
13
10
20
22
18
12
13
18
12
10
9
16
19
22
24
13
20
21
24
20
9
13
9
10
19
28
35
39
50
58
63
83
74
72
67
59
37
29
17
25
9
3
5
3
7
6
14
19
22
14
21
18
22
24
24
24
21
25
25
21
20
17
18
19
13
17
19
21
18
23
19
21
18
17
15
18
18
23
17
17
16
18
19
13
15
16
15
19
27
27
24
18
33
22
26
21
18
21
27
39
50
62
74
81
89
88
81
65
51
31
7
0
250
244
249
251
0
10
11
5
9
12
16
19
15
19
17
13
19
18
19
20
18
11
8
17
15
12
13
12
15
6
12
17
19
21
30
26
28
19
23
21
24
23
25
22
24
20
15
13
16
11
13
17
20
26
21
26
33
37
45
59
85
89
102
104
100
78
59
44
25
13
0
246
242
245
244
246
255
249
251
253
0
8
17
21
24
25
30
36
24
29
22
18
9
4
3
6
8
11
6
3
17
11
13
19
20
20
20
14
22
21
17
24
17
13
16
21
18
18
15
18
16
19
18
19
25
26
33
29
15
20
24
31
48
60
94
101
112
111
113
75
59
36
30
20
251
247
246
243
235
236
230
239
242
249
248
18
22
26
30
31
36
34
31
23
22
15
14
11
13
17
11
13
13
11
13
17
20
19
21
27
26
28
23
20
21
29
27
26
27
21
23
28
17
26
38
23
20
17
21
25
22
22
18
19
23
30
33
73
92
115
126
139
122
105
78
36
30
11
247
236
228
227
229
237
249
232
242
247
3
9
16
20
23
33
31
31
29
24
23
18
18
17
16
13
12
21
8
8
12
15
17
17
19
20
22
29
15
28
30
30
36
31
31
25
24
18
15
17
16
15
10
13
15
16
24
22
23
23
20
24
26
37
39
52
60
75
108
118
127
116
106
62
48
34
17
13
249
245
241
232
234
237
243
242
1
10
15
25
26
35
28
31
22
24
13
11
14
10
11
12
10
9
11
15
21
17
13
22
29
31
33
28
30
27
29
23
22
10
21
18
16
16
19
17
11
16
12
15
19
20
22
18
6
17
20
25
23
27
33
59
78
93
105
114
104
91
71
56
36
19
248
245
243
241
240
251
2
5
4
4
7
12
14
17
23
27
23
20
29
21
20
28
23
23
15
14
14
15
10
14
18
13
13
8
10
13
25
31
22
17
21
20
23
24
27
27
34
36
38
50
35
33
31
30
31
31
28
33
25
34
16
21
18
15
21
25
33
34
45
67
107
110
102
105
90
52
41
26
16
5
246
243
249
249
245
244
246
254
4
13
21
15
21
25
20
31
33
35
27
19
18
19
21
12
25
