24
7
18
22
23
25
36
37
41
56
80
116
121
130
133
133
97
81
56
37
33
7
581
579
583
579
567
585
583
585
596
2
9
16
23
25
25
41
51
38
33
37
40
38
37
22
22
9
5
595
583
9
5
5
19
16
32
34
24
18
19
24
18
16
9
22
25
34
36
19
32
33
36
32
9
19
9
16
25
40
53
57
80
88
99
131
116
114
103
89
55
41
23
37
9
3
5
3
7
6
20
25
34
20
33
24
34
36
36
36
33
37
37
33
32
23
24
25
19
23
25
33
24
35
25
33
24
23
21
24
24
35
23
23
22
24
25
19
21
22
21
25
39
39
36
24
51
34
38
33
24
33
39
57
80
98
116
129
137
136
129
101
81
49
7
0
592
580
585
593
0
16
17
5
9
18
22
25
21
25
23
19
25
24
25
32
24
17
8
23
21
18
19
18
21
6
18
23
25
33
48
38
40
25
35
33
36
35
37
34
36
32
21
19
22
17
19
23
32
38
33
38
51
55
69
89
133
137
258
260
256
120
89
68
37
19
0
582
578
581
580
582
597
585
593
595
0
8
23
33
36
37
48
54
36
41
34
24
9
4
3
6
8
17
6
3
23
17
19
25
32
32
32
20
34
33
23
36
23
19
22
33
24
24
21
24
22
25
24
25
37
38
51
41
21
32
36
49
72
96
148
257
274
273
275
117
89
54
48
32
593
583
582
579
565
566
560
569
578
585
584
24
34
38
48
49
54
52
49
35
34
21
20
17
19
23
17
19
19
17
19
23
32
25
33
39
38
40
35
32
33
41
39
38
39
33
35
40
23
38
56
35
32
23
33
37
34
34
24
25
35
48
51
115
146
277
294
313
290
261
120
54
48
17
583
566
552
551
553
567
585
562
578
583
3
9
22
32
35
51
49
49
41
36
35
24
24
23
22
19
18
33
8
8
18
21
23
23
25
32
34
41
21
40
48
48
54
49
49
37
36
24
21
23
22
21
16
19
21
22
36
34
35
35
32
36
38
55
57
82
96
117
264
280
295
278
262
98
72
52
23
19
585
581
577
562
564
567
579
578
1
16
21
37
38
53
40
49
34
36
19
17
20
16
17
18
16
9
17
21
33
23
19
34
41
49
51
40
48
39
41
35
34
16
33
24
22
22
25
23
17
22
18
21
25
32
34
24
6
23
32
37
35
39
51
89
120
147
261
276
260
145
113
86
54
25
584
581
579
577
576
593
2
5
4
4
7
18
20
23
35
39
35
32
41
33
32
40
35
35
21
20
20
21
16
20
24
19
19
8
16
19
37
49
34
23
33
32
35
36
39
39
52
54
56
80
53
51
49
48
49
49
40
51
37
52
22
33
24
21
33
37
51
52
69
103
263
272
258
261
144
82
65
38
22
5
582
579
585
585
581
580
582
596
4
19
33
21
33
37
32
49
51
53
39
25
24
25
33
18
37
